10000000 406222
10000000 4167836
1000000 1098831
10000001 46919
10000001 5
10000001 6581072
10000001 891
10000001 915
10000002 15929682
10000002 4167836
10000005 11926321
10000005 4167836
10000006 4167836
10000007 4167836
1000000 794
10000010 4167836
1000001 1860
1000001 20378
1000001 21186614
1000001 2299457
1000001 231694
1000001 240767
1000001 263734
1000001 2756599
1000001 3060914
10000013 4167836
100000 13446558
1000001 3746620
1000001 482994
10000015 4167836
100000 15880339
10000017 19660746
10000017 406222
10000017 4167836
100000 17428063
100000 17442339
100000 17442340
100000 17442341
100000 17442342
100000 17442343
100000 17442344
100000 17442345
100000 17442346
100000 17442347
100000 17442348
100000 17454198
100000 17455148
100000 17455153
100000 17456653
100000 17456655
